%W1 = [11, -10; 9, -9.5; -12, 8];
%W2 = [10.5, -11.5, -9.2];

%b1 = 10;
%b2 = 10;




W1 = stdnormal_rnd(2,3); 
W2 = stdnormal_rnd(3,1);
b1 = stdnormal_rnd(1,3); 
b2 = stdnormal_rnd(1,1);




exx1 = [1; 0; 1; 1; 0; 0; 0; 1; 1; 0; 1; 0; 0; 0];
exx2 = [0; 1; 0; 1; 0; 0; 1; 1; 1; 0; 0; 1; 1; 0];

exy =  [0; 0; 0; 1; 0; 0; 0; 1; 1; 0; 0; 0; 0; 0];